1.0839974547580074 0.49605576221804853 0.616904069866521 -0.9665574695894341 0.40050609324995773 -0.5846560256008768 0.20316244277927872 1.918559539059325 -0.20192972931391115
0.4313027525694825 0.460306650603886 -0.30422743465677515 -0.4196498532076599 -1.096568147280637 -0.700719667458344 -0.0366423628900486 0.019657309925134567 -1.84075336277271
-1.5752302697886678 -1.7109402583700124 0.04535766490429579 0.6091429293896709 -1.6141105694811897 -1.3955806159589164 -0.9737712404966087 -1.3802072266779553 -1.1839737940052135
-0.7295783333520294 0.41506119201575387 -0.27197309377801954 0.9407811702685521 -1.2895993598297384 -0.03738561203358508 -0.5022842586113466 1.1584727286328602 0.7165941358386665
-1.4135901451308919 -0.12512286712012716 1.1092941508112573 -1.2544011985749064 2.04600301296639 -0.6316951435981103 1.5289430225543152 -0.2411756442749505 -0.5032729019024282
-0.6147255446042165 -0.08690770748161393 1.0545853904698559 -0.9239973449219677 0.41821044696469656 -2.3335352314282467 -0.49873447292892 -2.0458725275166456 0.5201931406189108
-1.7148648826081168 2.228782331331388 0.5937999139574469 1.0343872675311685 0.41144739475999725 -0.8488560000444914 0.5287336342059091 1.6219566057757007 -0.8614419527823222
-0.22942997607490856 0.7384554470221445 -0.46337318075069633 -1.5124809431643385 0.45210962821539147 0.708496525477673 1.7783777935539828 -0.1493252525359201 -1.7060198220591523
0.07971096748211891 0.06411457102044851 -0.22076001025514067 0.9788331571923848 -0.20259649531455015 -1.0208491001314752 -1.2233791106704532 -0.5145686974631354 0.21348060073020272
-1.570000743703785 0.7126003879609707 -0.08056684771426005 -0.8544868304513656 1.2390425231666005 0.41611046555130504 -1.7891998434991756 -0.21743111615675217 0.38819553064965856
1.390602823007078 2.3171139821883764 0.8566111002154372 0.5495597704303423 0.1915383306561608 0.7632220019967684 -1.616369589248609 1.4771089714182866 0.3220463395495375
1.503048481306335 1.001753145771964 1.2312220409954715 -1.3258929017285468 1.5882554247002851 0.6834639641445687 -0.2789401668827417 0.23847622117688327 -0.4497442772747682
-0.9183280747653058 -1.3929359456227408 -0.18467605159580944 0.473497860517833 -0.11806932335735051 0.8406699165003239 1.5786612096714385 -0.3041028298608684 0.2889253271271176
0.8104753667795973 -0.5459587627177228 1.1439685318748734 -0.7894229539405524 0.902411767996196 -0.10600115263313514 -0.06606499109151144 1.0162553628568423 -0.004787464723119456
